$ 1 0.000005 27.727228452313398 77 5 50
g -240 336 -240 384 0
w 16 80 16 160 0
w -128 80 -128 112 0
w -128 112 -128 144 0
a -128 160 16 160 8 5 0 1000000 -0.00006426501279104285 -0.6427143929232195 100000
c 144 160 144 256 0 0.00009999999999999999 3.0446250073753087
r 32 160 144 160 0 1000
w -128 80 16 80 0
w -240 80 -176 80 0
w -176 80 -176 176 0
w -176 176 -128 176 0
g 144 256 144 272 0
O 144 160 208 160 0
w 16 160 32 160 0
v -240 192 -240 112 0 2 80 5 5 0 0.5149
w -240 192 -240 224 0
w -240 304 -240 336 0
w -240 80 -240 112 0
v -240 224 -240 304 0 6 40 1 0 0 0.5
a 256 176 352 176 9 5 0 1000000 3.0445945614296948 3.0446250073753087 100000
O 352 176 400 176 0
w 352 176 352 240 0
w 352 240 256 240 0
w 256 240 256 192 0
w 256 160 256 96 0
w 256 96 144 96 0
w 144 96 144 160 0
o 8 64 0 37635 40 0.00009765625 0 2 8 3
o 12 64 0 4098 5 0.1 1 1
o 20 64 0 4098 5 0.1 2 1
38 14 5 1 100 Duty\sCycle
