$ 1 0.000005 69.34413510434165 82 5 50
g 80 224 80 272 0
w 336 80 336 160 0
w 192 80 192 112 0
w 192 112 192 144 0
a 192 160 336 160 8 5 0 1000000 5.000499945005499 10 100000
c 496 160 496 256 0 0.00009999999999999999 2.6209929954210964
v 80 224 80 80 0 2 80 10 0 0 0.51
r 384 160 496 160 0 1000
w 192 80 336 80 0
w 80 80 144 80 0
w 144 80 144 176 0
w 144 176 192 176 0
g 496 256 496 272 0
O 496 160 560 160 0
w 336 160 384 160 0
o 6 64 0 4099 10 0.00009765625 0 2 6 3
o 13 64 0 4098 5 0.1 1 1
o 14 64 0 4099 10 0.00625 2 2 14 3
38 6 5 0 100 Duty\sCycle
